[50, 54, 59, 61]
[34, 46, 50, 54, 59, 61]
[27, 39, 50, 55, 59, 61]
[27, 39, 55, 60, 64]
[29, 41, 55, 60, 64]
[32, 44, 55, 60, 64]
[32, 44, 55, 58, 64]
[32, 44, 59, 62, 67]
[32, 44, 59, 62, 69]
[34, 46, 53, 57, 61, 66]
[36, 48, 53, 57, 61, 66]
[37, 49, 54, 56, 60, 65]
[39, 51, 54, 56, 60, 65]
[41, 53]
[40, 52, 58, 62, 69]
[40, 52, 74]
[39, 51, 56, 62, 67]
[39, 51, 57, 62, 67]
[34, 46, 60, 62, 67]
[32, 44, 59, 62, 67]
[32, 44, 57, 61, 65]
[28, 40, 57, 61, 65]
[36, 48, 57, 61, 65]
[34, 46, 57, 61, 65]
[34, 46, 57, 61, 65]
[67, 71]
[56, 66, 67, 71]
[48, 58, 64, 69, 75]
[48, 58, 64, 69, 71]
[49, 57, 60, 62]
[49, 57, 59, 65]
[50, 56, 59, 63, 69]
[50, 56, 59, 63, 67]
[63]
[63]
[62]
[60]
[44, 55, 60, 71]
[63]
[63]
[64]
[64]
[63]
[63]
[55]
[55]
[39, 49, 55, 65]
[55]
[46, 50, 55, 57]
[55]
[55]
[55]
