[2.0943951023931957, 2.7714777290138715]
[-3.141592653589793, 3.141592653589793]
[-3.141592653589793, 2.356194490192345]
[-1.0471975511965976, 0.2617993877991494]
[-2.0943951023931957, 0.3701149245759219]
[-2.0943951023931953, 0.5235987755982988]
[-2.4278682746450277, -0.7853981633974488]
[2.4278682746450277, 1.5707963267948966]
[1.7609219301413634, 2.0943951023931953]
[-1.0471975511965976, -2.0943951023931957]
[5.551115123125783e-17, 1.5707963267948966]
[1.0471975511965976, -1.8325957145940461]
[0.7137243789447656, -1.4173124757725197]
[2.0943951023931957, -0.5235987755982989]
[-2.0943951023931957, 1.308996938995747]
[3.141592653589793, 1.5707963267948966]
[2.0943951023931957, -0.5235987755982988]
[1.1102230246251568e-16, 0.7853981633974483]
[-2.0943951023931953, 0.1727193647260411]
[2.4278682746450277, 1.5707963267948966]
[2.0943951023931957, -2.0943951023931957]
[-2.0943951023931957, 2.0943951023931957]
[0.0, 0.0]
[-2.0943951023931953, -1.0471975511965979]
[-2.0943951023931953, -1.0471975511965979]
[-3.141592653589793, 1.5707963267948966]
[2.0943951023931957, 3.0525126305166848]
[-0.7137243789447655, -1.1102230246251568e-16]
[-1.0471975511965974, 1.4817163037217884]
[0.0, 1.136277574269706]
[2.0943951023931957, 2.6179938779914944]
[1.38067072344843, 2.6179938779914944]
[2.0943951023931957, 0.0]
[6.123031769111886e-17, -1.5707963267948968]
[6.123031769111886e-17, -1.5707963267948968]
[2.0943951023931957, 1.0471975511965976]
[0.0, 0.0]
[2.0943951023931957, 0.26179938779914946]
[6.123031769111886e-17, -1.5707963267948968]
[6.123031769111886e-17, -1.5707963267948968]
[-2.0943951023931957, 2.0943951023931957]
[-2.0943951023931957, 2.0943951023931957]
[6.123031769111886e-17, -1.5707963267948968]
[6.123031769111886e-17, -1.5707963267948968]
[-2.0943951023931953, 0.5235987755982988]
[-2.0943951023931953, 0.5235987755982988]
[-2.0943951023931953, -1.0471975511965979]
[-2.0943951023931953, 0.5235987755982988]
[-2.0943951023931957, 0.6770826266206758]
[-2.0943951023931953, 0.5235987755982988]
[-2.0943951023931953, 0.5235987755982988]
[-2.0943951023931953, 0.5235987755982988]
